15432
9896
18216
25176
32752
38184
41112
40872
33104
20040
28968
34944
40264
43336
43392
42736
10896
9320
13088
17640
21744
27712
33136
36168
1464
1360
2784
5360
8336
12536
18864
23080
15328
9968
18200
25040
31872
38464
40360
40592
33672
19640
29376
34976
39688
42136
43288
42112
10512
9160
13480
17840
21888
27616
32504
35984
1480
1296
2760
5120
8360
12560
18208
23080
15080
9600
17520
24928
32360
38128
40664
40576
33600
19968
28840
34952
40208
42864
43312
42312
10496
9048
13032
17560
21336
27400
32576
35992
1600
1336
2848
5088
8320
12128
18088
23072
15192
9808
17360
24872
32048
38168
40864
40912
33528
20296
29240
36200
41160
44048
44896
43832
10736
9176
12976
17632
21064
26624
31760
35792
1472
1216
2872
5048
8168
12240
18136
22760
14680
9576
17880
24552
32224
38080
40928
40696
35104
20704
29136
35560
40992
43416
43480
42504
10360
9392
12752
16832
21112
27032
31720
35816
1496
1184
2856
4968
8240
11840
17800
22384
15712
10096
17608
24528
32136
38208
40856
40792
35184
19888
29200
35024
40304
43152
43360
42424
10528
8992
12872
16984
21224
27000
32224
35680
1440
1232
2608
4960
8400
12072
17696
22784
17344
10440
18328
25184
32464
38416
40800
41136
36368
20240
29784
36024
40792
43344
43904
42880
10512
9328
12720
16808
21448
26848
32592
36288
1408
1168
2496
4912
7768
11368
17776
22792
16560
9792
17848
25264
32000
37488
40320
41000
36616
20576
29816
36336
40656
43480
43576
43488
10680
9416
13240
17592
21328
27416
32488
36448
1424
1288
2536
4720
7880
11672
17656
23384
17312
10232
18400
25592
32952
38352
41248
40384
37576
20528
29368
34904
39840
42328
42840
41616
11152
8864
13568
17240
22144
27624
32760
36688
1408
1160
2624
4848
8056
11704
18008
23056
19672
10656
18472
25184
32688
37808
41264
40544
37208
21128
29160
35328
40608
43048
43664
42960
10816
9184
13456
17272
21816
28432
32968
36104
1488
1224
2744
4576
7904
11568
18552
22920
19768
10136
18648
25232
32656
38536
40744
41080
37664
20936
28888
34752
39672
41272
42720
41520
10568
8944
13200
17616
22288
27376
32840
35872
1536
1408
2496
4696
7808
11448
17968
23112
19328
10792
19144
25264
32584
38072
40384
40544
37296
20560
29368
34656
40040
41824
42264
41816
10536
9008
13472
17728
22280
27576
32600
36432
1544
1296
2576
4872
7512
11864
18000
22280
19232
10824
18752
25216
32984
38440
40960
40960
37376
21120
29072
34488
39384
41800
42800
41464
10760
9360
13816
18088
22504
28168
32968
36152
1512
1216
2648
4624
7832
12368
16976
22920
18664
10736
19120
24920
32384
37912
40200
40408
37688
20840
28920
35560
40040
43256
43016
42264
10368
9200
14104
17488
22136
28176
32224
35840
1536
1264
2376
4744
7816
12016
17416
22384
18520
10744
19280
25072
32632
37640
40616
40832
38304
20984
29656
35232
39944
42920
43128
42352
11392
9528
13720
17480
22000
28328
32088
36120
1520
1296
2496
4952
7672
12032
17696
22872
19632
11584
18840
25528
32400
37768
40592
40424
38856
20936
28712
34568
39760
42296
43112
41784
11592
9848
14096
18264
22576
28448
32504
36320
1560
1240
2560
4616
7600
12032
17824
23360
20072
12016
19904
26472
32936
38032
40808
40856
38496
21152
29152
34864
39112
42152
42728
41752
11176
10000
13912
18448
23136
28440
32504
36200
1536
1240
2416
4720
7608
11584
18248
22816
19352
12112
19560
25936
33096
38000
40560
40208
38888
21280
29712
34952
39760
42656
42624
42248
11448
9664
13752
18168
22776
29048
32144
36216
1464
1152
2440
4672
7520
11664
18064
23088
20416
12072
19560
25736
33008
37688
40720
40688
38992
20528
28000
33872
39080
41864
42808
41496
10960
9432
14064
18208
22608
29040
32448
36312
1488
1264
2472
4536
7536
11608
17816
23088
21040
11984
20264
25640
33032
38080
40256
40560
38912
20256
28240
33856
38504
41688
42360
41424
10952
9576
13824
18216
22816
28344
32256
36040
1480
1040
2424
4544
7440
11336
18280
22936
21216
11488
20008
26072
32712
37952
40640
40760
39432
20728
29424
35280
39696
43000
42960
42456
10752
9536
13816
18072
22336
28480
32256
36008
1456
1200
2456
4368
7664
11320
17712
22600
20488
10888
18696
25808
32680
37896
40720
40824
39072
20776
29328
34088
38984
41808
42512
41232
10928
9688
14520
18536
22728
29096
32888
36096
1488
1232
2256
4680
7592
11232
18048
22960
20040
11504
19744
25016
32856
38088
40768
40760
38384
21264
28512
33872
38704
41056
41648
40752
10992
9856
14320
18824
22928
28888
32488
35344
1544
1088
2384
4888
7480
11304
17864
22560
20296
11768
19496
25528
32024
38528
40304
40440
40040
21328
28288
34520
39048
41592
42312
41720
11016
9528
14616
18440
23752
28560
32520
36088
1568
1152
2376
4912
7744
12160
17544
22608
19640
10912
19720
25328
32632
38384
41208
40640
39152
20584
28856
34136
39048
41048
42288
41008
11400
10000
14824
18896
23376
29784
32808
36248
1632
1056
2624
4440
7496
12320
17672
22888
20472
12072
20184
25496
32432
37840
40728
40616
39368
21920
28768
33640
39072
41584
41472
40704
12000
9880
14824
19008
23888
29344
33048
36248
1568
1336
2608
4784
7712
11568
17968
22944
20160
11752
19544
24680
32232
37824
40296
40216
39872
21576
28144
34112
39088
40872
42088
40752
11736
10608
14864
19400
24160
29744
32864
36208
1584
1280
2512
4760
7504
11856
17680
22760
20224
11584
19832
25088
32528
37280
40280
40272
39736
20912
28720
33656
38816
41352
41360
40584
12416
10720
15440
20112
24600
30192
33352
36224
1584
1256
2504
4920
7760
12112
18200
23024
20168
11184
20352
25568
32568
37976
40416
40640
40688
21856
28960
34376
38904
41192
41960
40904
12352
10792
15720
19976
24704
30664
33728
36136
1560
1288
2760
4776
7784
11904
17928
23048
20904
12056
19760
25424
32192
37744
40640
40400
40440
21832
28840
33800
38896
40808
41824
41200
12696
11224
15800
21048
24872
30616
33776
36616
1512
1176
2760
4864
7880
11968
18592
23000
19768
11560
19640
25408
32192
37504
40640
40712
41200
22408
28928
34320
39224
41936
41832
41448
12536
10728
16032
20696
24760
31272
33752
36496
1512
1320
2832
4728
7792
12528
18440
23368
19040
11280
19512
25176
31936
37728
40120
40552
41368
22056
29032
33680
39192
41600
41992
41232
12688
11104
16128
21080
24608
30872
33832
36248
1560
1264
2784
4952
8008
12216
18632
22936
19336
10744
19336
25160
31608
37440
40384
40464
41552
22544
29992
34672
39616
42536
42632
42104
12648
11232
16112
20800
25000
30368
33808
36224
1576
1320
2744
4704
7816
12792
18584
22904
18992
11400
18912
24352
31968
36904
40168
40672
41424
21688
29040
34128
38784
41600
42376
41168
13240
11472
16128
21272
24520
30208
33888
36512
1536
1224
2656
5184
7880
12448
18400
22944
19072
10752
19160
24888
31368
36840
40744
40640
42160
22160
28664
34576
38520
41832
42112
41040
12648
11376
16432
20840
25224
30512
33496
36848
1520
1136
2792
4832
7496
12784
18384
23240
18936
10952
18680
24872
31792
37368
40264
40560
41664
22128
29272
34480
39056
41712
41360
40896
12560
11160
16304
21520
24728
30712
33704
36080
1568
1096
2688
5312
7312
13008
18640
22760
18616
10984
19040
25024
31928
37736
40176
41160
41224
22352
29040
34384
38608
41224
41416
40448
13464
11920
16760
21296
25216
30824
33928
36840
1592
1184
2576
5096
7472
12608
18440
23432
18504
11120
18920
24776
31408
37336
39888
40520
42344
21880
29376
34600
38752
41352
41768
40808
