37352
28640
39728
33944
32240
46968
17176
13648
20928
35464
28040
37568
2112
1536
4944
34912
34024
48304
16808
14160
21824
35344
29448
37952
2080
1704
4928
34064
33408
47760
16280
13864
20752
35456
27104
36672
2152
1696
4720
35240
33144
48192
16584
13976
20560
36200
27312
37552
2072
1768
4776
33968
31824
46968
16720
13552
20352
37600
28272
37080
2040
1680
4832
36824
33112
46920
16128
13952
20008
37464
28304
37072
2008
1584
4384
36360
32520
45960
16856
13576
20208
38040
29176
36032
2072
1584
4656
37544
33496
46840
17184
14168
20704
39096
29536
36872
2064
1504
4320
39976
33896
47416
17192
14376
20808
40280
29088
37552
2072
1568
4384
38464
32184
46416
17496
14024
21560
40120
29824
37080
2088
1592
4456
35632
33816
46696
16848
14176
21040
40568
30160
36088
2152
1568
4056
42200
28632
39504
16568
14112
21624
39376
30248
36640
2136
1664
4416
35944
32656
47656
17344
14488
21440
40680
29680
37120
2088
1488
4464
36656
34528
49088
16792
13976
21712
40456
28728
36360
2104
1472
4496
39832
33472
46984
18160
14240
20976
40648
29976
37032
2096
1792
4424
39088
34264
47792
18168
14728
22128
41728
28832
37560
2080
1704
4768
38768
34600
47856
17992
14440
23064
41496
29584
37640
2064
1792
4512
39576
34096
47760
18168
14576
21792
41944
29376
37080
2104
1504
4536
38432
33664
47384
17560
14840
23120
41280
29560
36480
2072
1688
4440
37928
34376
47896
17120
14832
22408
41272
28248
36096
2024
1688
4144
38384
33672
47416
17192
14752
21224
41760
29512
37360
2112
1592
4080
37648
34104
47896
17608
15296
22968
42048
29344
36712
2112
1664
3912
36712
34304
47984
17632
15336
22936
41328
31192
37048
2168
1608
4376
42032
29112
39248
17424
15464
22352
42400
29064
36432
2144
1632
4432
38080
31240
46448
18456
15752
22976
42256
29392
35608
2208
1624
4560
37560
32656
47160
18600
16384
22872
42680
30392
36592
2256
1696
4416
37400
33520
47224
19152
15672
23824
42784
30608
36560
2184
1720
4360
39416
33640
47616
20024
16160
24856
42632
29664
36456
2104
1616
4544
37824
33560
47800
19760
16784
24144
43512
30792
36848
2176
1632
4336
37152
33648
48120
20528
17000
24536
42360
30480
38296
2024
1408
4664
37584
33336
47640
19944
17176
24816
44048
30160
37600
2160
1632
5024
36496
32512
47304
20336
17096
24392
43976
30208
36480
2176
1520
4672
35224
33064
47824
20480
16952
24464
44064
31480
37568
2128
1552
4680
35320
32944
48152
20640
16968
25424
44000
30336
37088
2120
1648
4792
33960
32816
47032
20616
17352
25256
45672
30352
37312
2112
1616
4592
40248
27952
38840
19872
17872
25048
43888
31296
38976
2208
1656
4912
33736
31088
46824
21256
18240
24664
44704
30240
37688
2232
1768
4664
45744
29488
37032
