61136
38160
42656
56600
45408
51960
29136
19112
29184
59464
37672
41016
3600
4088
9896
58192
46360
51888
29264
19496
28912
60800
37664
40984
3512
4000
9424
57280
44976
51064
27984
19384
28024
60568
37328
40448
3616
4104
9360
56760
45512
51464
28480
18352
28584
61600
36808
40328
3512
4312
8936
55880
46664
53456
27744
18648
27952
62336
37896
41264
3400
4088
9184
58672
46536
52176
28272
18304
28408
62728
37472
41408
3360
3712
9408
58240
45472
51424
28328
18448
28000
64760
37448
41384
3320
4224
8408
59912
45448
51368
29032
18448
29448
65568
37328
40080
3344
3728
8856
62456
45152
51616
29968
19240
29072
67184
37648
41040
3384
3768
8808
59400
46024
52504
29472
19496
28608
65736
37960
40544
3384
3640
8680
58032
46008
52064
29232
19176
29504
66704
38248
41104
3464
3576
8816
66440
38328
42600
28888
19704
29048
65688
38184
40944
3400
3888
9000
58352
46776
52920
29936
19992
30144
66040
38816
41208
3352
3848
8744
59192
46856
53680
29272
19312
30424
66256
37040
40200
3424
3840
8576
60936
46592
53680
30136
20016
29200
66968
38016
40912
3448
3912
8752
61232
46544
53264
31104
19408
30152
67032
38560
41376
3440
3936
8688
60960
46840
53328
30968
20488
30072
68320
38008
40480
3408
3664
8976
60296
46832
52800
30480
20744
29928
68496
38400
40728
3416
3816
8464
60024
46544
52640
30152
21320
28680
67920
36912
40128
3360
3888
7992
60840
46360
52144
30408
20160
30032
66872
37600
40008
3184
3848
7808
58864
46672
52912
30200
19960
29112
67432
38000
40040
3312
3824
8048
59584
46232
53120
31120
21184
29912
69080
38072
39904
3408
3920
8184
59096
45640
52944
31008
21320
29384
66920
37608
40280
3352
4120
8152
66184
38176
42744
30792
21040
30168
68672
37520
40024
3360
4080
8624
60032
44888
51376
32544
20584
30968
67064
37680
39768
3424
4264
8272
58744
46256
52872
32968
20344
31096
68960
37640
40056
3360
3944
8336
59088
45696
52504
33168
21456
31488
69608
36952
39456
3344
3664
8096
58856
45600
53200
34312
22256
32432
69112
38496
41096
3424
4016
8448
59448
45992
52888
34016
23152
31304
70728
38688
40576
3408
3920
8576
58424
46160
52336
35272
22096
32488
70488
38912
40112
3216
4176
8768
58776
45952
53152
35416
22320
32320
70960
38384
40256
3344
4168
9264
57920
45384
52536
35832
22400
32760
72064
37424
40232
3368
3960
9200
56640
45824
53088
35480
22664
32672
70376
39256
40416
3384
3952
8600
57560
46144
52824
36048
22200
32664
71768
38000
40424
3296
4336
8576
56072
45112
52872
35552
23392
31848
71008
38608
39448
3304
4040
8400
63704
37992
41768
35440
23328
32544
71128
39488
40784
3240
4880
8552
56288
45128
52240
37768
22816
32664
72784
37912
39104
3440
4024
8384
71704
37424
39744
