21712
18744
29328
13552
23664
37224
9432
9488
15344
21368
15616
30192
1624
808
1968
19560
24064
38072
9104
9352
16048
21712
16272
29648
1560
728
2104
16152
23152
38352
8912
9624
14792
22384
14656
29472
1560
872
1928
17696
26368
39392
8960
9744
14864
22288
15624
28160
1592
696
1944
19256
24360
38248
8912
9608
14936
23384
15760
28840
1576
672
1880
18736
25984
39240
8864
9168
15368
23984
16176
28856
1528
728
2048
20864
26392
38880
8520
10144
14704
24088
15664
30000
1576
664
1960
20144
26296
39536
9192
9560
15640
24704
16648
30344
1560
696
1880
24680
25040
39096
9232
9656
15608
25344
17872
29912
1592
840
1880
22168
24104
37680
9072
9872
15248
25808
17072
29560
1560
736
1928
20736
24728
38304
8904
9736
15064
26744
16928
31176
1568
832
1976
26576
18752
29424
8616
9808
15800
25200
16968
30280
1592
904
2392
19712
22776
37888
9104
9640
15928
26360
17016
30416
1576
888
1992
21344
24888
37744
8712
10096
16208
26128
17064
29992
1608
744
1928
23520
23728
38800
9360
10416
15720
26680
17568
30496
1720
640
2048
22824
24544
39080
9384
10848
15976
27184
17632
31296
1584
816
1984
24184
25632
39008
9496
10376
15984
27016
16760
31640
1648
704
2008
22960
24160
38768
9336
10200
16160
27608
17560
30312
1584
592
2080
22696
25376
39080
8960
10392
15832
27576
17712
29168
1600
760
2056
24456
25048
39440
9056
10224
15912
27336
17328
29432
1656
752
1856
22584
24336
38856
8688
10440
15568
27560
17360
30664
1704
760
1856
20312
26232
39264
8944
10464
16576
27504
18264
30976
1640
696
2032
19448
26672
38888
9048
10368
16920
27624
17696
30240
1544
760
1896
27000
18992
29584
8696
10456
16992
28120
17344
31216
1608
840
2072
21600
22680
37208
9504
10944
16720
27840
16888
30632
1640
816
1880
21216
24888
38248
9600
10792
17544
28136
17088
31376
1656
848
1824
24328
24608
37784
9296
11296
17504
28208
17200
31192
1728
752
1952
21496
23712
37272
9904
11568
18216
27576
18944
30680
1632
696
2000
21808
24632
38784
9896
12032
18304
28384
18752
32712
1672
720
1936
22528
24072
36880
10240
12032
18384
28384
17800
32080
1664
632
1872
19064
24208
37600
10000
12128
18520
28784
18368
32568
1632
704
2064
20928
24800
37768
9992
11984
18664
28840
18360
32528
1632
656
2112
19968
22800
36832
9992
12144
18744
28888
18352
32744
1640
632
2136
18664
22704
36536
10664
12112
18928
28760
17208
32408
1640
688
1920
17512
24040
37464
10136
12080
19152
29520
18560
31800
1712
656
2072
25416
19360
28752
9688
12160
18784
28176
19272
32160
1712
896
2176
15552
21352
34464
11240
12344
19440
29144
18360
33344
1680
760
2120
29728
18016
31064
