32128
30120
47400
64912
80296
98224
116600
128296
6384
13536
30896
53200
75432
100768
131112
158528
6680
12808
30208
53896
74144
99544
128792
155128
6776
12920
29536
52176
72984
99432
129800
156672
7600
13064
29808
53064
74160
102448
131440
159000
7504
13656
31424
54888
75408
102536
131832
159456
7480
15168
32768
55512
75984
103008
129816
156992
7016
15024
31760
55352
75832
100352
130128
157480
6664
14224
32472
54224
75744
102584
131256
157224
6800
14096
30928
52256
74520
99752
128472
156200
6632
14368
31832
52840
75944
100456
129912
156984
6304
13240
30208
51880
73896
99872
130496
158144
7032
13760
30304
53128
74296
101400
131128
159576
7192
13608
31168
53048
74576
101896
131624
159456
7728
14120
30304
52672
75000
100848
130912
158680
7520
13696
31000
52080
73584
99576
129968
157672
7776
14688
30848
52936
73336
100600
130360
157760
7952
14272
30552
50800
73240
101280
130016
157456
7824
14352
31264
53600
75168
101440
130568
157984
6488
13504
30456
51224
72952
99832
129632
158104
7576
13576
29808
50896
71232
99512
128024
156728
7104
13536
30664
52016
71936
98384
127736
155024
7424
13848
30064
51616
73144
99728
128736
156792
7552
14712
32584
54648
75096
102072
129080
156848
7912
14656
31608
54840
74824
102208
129584
156312
8328
14592
30656
51872
73048
98232
126872
153568
7784
14008
31400
53240
74984
100608
130120
157976
8216
14592
30536
51976
73536
99544
128840
155152
8344
14368
30872
52840
73928
101984
129304
156768
7944
14000
29096
51000
73056
100640
129816
155704
8224
13768
30224
51912
73096
99408
128296
156088
7832
14832
30936
52040
73320
100280
130064
156240
7576
14608
30976
52864
74080
100432
128720
156144
7704
13536
29280
51712
73128
100104
128152
155656
7344
14624
30144
52584
73960
102208
130360
157784
8032
14744
30584
51848
73432
99720
129400
155480
7904
15128
32224
54880
75272
101944
130128
156800
7440
14448
30656
51800
73120
101256
131152
158416
7880
15656
32032
53512
73960
100464
129232
155376
8104
14440
30736
52344
74472
102120
130936
157160
8640
16792
32984
54224
75848
103192
131168
157176
9584
15960
33624
55776
77280
104608
133104
157520
8880
16216
32712
54040
76776
102744
131016
157040
8944
15320
31936
53128
75424
103640
131504
157160
8920
15776
31208
54400
76456
104048
131768
157680
8864
15744
30448
54416
76312
103744
133656
159680
8288
15792
32264
55856
77528
105776
134664
159920
7872
15016
31872
55696
78048
105328
133008
158592
38520
32016
49128
66816
80992
100400
118344
129128
6120
12152
29728
54464
76744
104424
134976
160104
7784
13440
29176
53336
74168
103008
130016
157480
7736
14512
30968
54400
77072
105280
132016
159320
7520
14096
28864
51272
74352
101088
131016
157456
8080
13592
29104
52680
76240
104376
134304
160416
6784
13768
30408
53160
76496
102872
131520
158544
7784
14600
31456
54320
77488
104152
131952
157696
7520
14800
31384
54208
76840
103856
133008
159328
8232
15488
31992
52896
76808
103760
131824
158024
8224
14320
31112
54048
76672
104616
133360
159664
7704
14616
31056
53304
77016
105912
132664
158464
7744
14816
31728
53264
74928
104192
131856
158776
7024
14496
31288
54024
77032
104664
132856
159392
6864
13536
29768
51360
75352
103208
131288
158680
6744
14912
31248
54192
77688
104184
132064
158272
7032
14328
29888
50472
73576
101248
129552
155920
6168
13320
29424
51064
74560
103080
130904
158672
5856
12288
27080
47456
69800
97848
128424
158120
5568
11824
25952
46168
69216
96800
127936
158776
5624
11632
26152
45864
68528
95448
126824
158448
5208
11216
24144
42992
63872
93384
124368
157992
5560
11144
25576
44656
65792
94120
125200
158536
5568
10376
21008
35680
57288
87704
123048
159424
5768
11128
22120
38912
59624
88456
123512
158880
5992
12088
24600
42776
62744
91904
125048
158472
6360
12568
26080
45664
67128
95784
125552
157600
6056
11744
23200
42264
63616
92672
125304
157232
5960
12104
25264
43352
64072
93392
124736
157928
6232
12704
26512
44296
64920
93744
125472
156968
5568
12792
26072
44272
65288
94184
125576
156616
6128
11560
22912
40008
60272
90864
123960
156712
6416
13320
24440
41584
61904
89768
123912
156392
7128
12728
25520
44072
64936
93360
123808
157200
7040
11824
27120
45080
67616
95488
126336
159872
7264
12384
24928
43904
65432
93336
125384
159088
7336
12480
24128
40520
59224
89544
122392
157712
7136
13704
27032
46192
68232
96944
128080
158480
7816
13600
27104
45408
67760
98248
128064
158336
8104
13192
25088
42280
64624
93888
126768
156600
7920
13656
25672
42696
63000
93216
125080
156384
7696
12928
25288
43736
63256
93552
125376
155984
7432
13168
26232
44240
67016
96376
127424
157648
7000
12872
24872
43128
64864
94576
127032
157088
7824
13552
25208
43368
64280
94216
125928
156448
8280
12560
24872
43336
66768
96816
127288
157160
8216
12816
24840
40976
64520
94776
128656
158432
8088
13432
25488
42408
63632
96000
128736
157568
36816
31400
48512
66312
81216
98064
116344
128256
7472
12040
23736
43936
65584
94096
126160
155072
8064
12840
26800
45872
67312
95824
126240
155056
8320
13696
26096
44560
65576
95176
126464
154544
8088
12912
25904
43608
64792
94360
127192
155616
7208
12640
26128
46336
66840
97528
128808
157360
7728
14600
28000
48240
70192
99704
130152
157568
8680
14176
27856
46112
67336
95872
126448
156432
8168
14568
28672
48720
70232
99672
129096
158144
8232
14392
29720
51320
73992
101408
130576
158288
8960
15072
29136
48344
69544
98368
128600
156952
8328
15640
32024
51224
71272
99168
130000
158832
8800
17200
33488
53192
74552
101960
130320
159552
8616
15944
31136
50824
71384
97824
127976
157616
8216
16048
31680
50640
70280
97672
126472
157744
8200
16168
32512
54712
74184
101224
130712
158696
9024
15800
30880
51320
71856
99344
129224
158632
7448
14456
29728
48776
70232
98040
126920
157552
7464
14184
28728
49744
70360
98592
127384
157440
7056
14080
28624
49544
68744
97792
127040
156808
7688
13904
30576
50728
71472
99528
128328
155432
7240
13952
28968
48728
70264
97976
127400
155840
6968
13552
31096
51944
73208
99272
127816
156384
7744
14184
30808
51400
71176
98096
127184
155368
7080
14128
31176
53736
73216
98192
127120
154512
6912
14704
29704
52256
70288
96696
126336
153488
8200
14744
31184
52120
72240
98640
127576
154560
7392
13072
29088
48992
68872
95224
124680
153072
7968
13800
31664
52232
71024
97072
127040
152264
7408
14904
31288
52400
72600
97632
126112
153472
7272
14096
31520
51424
69744
96776
125560
152176
7512
13872
31768
52848
71504
97112
125848
152600
7080
14864
31288
52368
71312
97416
126616
153880
7360
13992
32696
53240
71920
97264
126400
152976
6968
14216
30752
52144
70568
96048
126016
154312
6656
13384
30584
50880
70416
96896
125792
154208
7272
15152
32216
51904
70584
96416
125232
151720
7168
14048
31920
52760
71032
97856
127056
153560
7376
14088
30360
51728
71608
97384
126400
153064
6864
13032
29896
50944
71344
96216
126840
154376
6856
13672
30152
50496
70088
95392
124944
153072
6848
13920
30200
50120
68904
94944
125208
152984
7440
13360
29520
50184
68272
93888
124856
152920
7520
14216
30200
49840
68760
92896
123576
151288
7216
13512
30104
51688
69240
96136
126608
154496
7520
13384
29944
50720
69416
95376
123960
151672
7784
14384
30584
50776
70664
97024
127336
154896
8392
14224
31312
51568
70536
95648
125472
153336
28520
25768
40512
56856
70304
88120
108208
122392
6248
12384
30024
50576
70952
97320
128512
153856
7504
13104
29992
50608
72016
98240
127192
152832
8072
15280
31808
52504
71824
98016
125680
152808
8240
14440
28552
49048
69768
96592
126624
156040
8680
14720
29976
51272
68952
96656
127600
154528
