0
0
0
0
0
0
0
1582.0721578562727
0
0
0
0
0
0
0
1307.8208582215277
0
0
0
0
0
0
0
753.1106305362646
0
0
0
0
0
0
0
787.1759581459524
0
0
0
0
0
0
0
1955.0044624825698
0
0
0
0
0
0
0
21826.4904140312356
0
0
0
0
0
0
0
137932.0390340467275
0
0
0
0
0
0
0
245085.7921029341232
0
0
0
0
0
0
0
299727.6668334333226
0
0
0
0
0
0
0
68004.1327795480611
0
0
0
0
0
0
0
367182.8887240054901
0
0
0
0
0
0
0
280663.3851655824110
0
0
0
0
0
0
0
175437.7917009576049
0
0
0
0
0
0
0
352895.3591599449865
0
0
0
0
0
0
0
263960.9887923606439
0
0
0
0
0
0
0
176051.1032384068239
0
0
0
0
0
0
0
458795.1265103760525
0
0
0
0
0
0
0
202814.8490691031620
0
0
0
0
0
0
0
298920.5545483783935
0
0
0
0
0
0
0
490906.4121363342274
0
0
0
0
0
0
0
537236.5499146875227
0
0
0
0
0
0
0
581092.0470757173607
0
0
0
0
0
0
0
600633.8716100272723
0
0
0
0
0
0
0
619217.7599329854129
0
0
0
0
0
0
0
552521.7286599186482
0
0
0
0
0
0
0
610529.9672195398016
0
0
0
0
0
0
0
583484.0425731873838
0
0
0
0
0
0
0
520122.5752471391461
0
0
0
0
0
0
0
617526.3680296312086
0
0
0
0
0
0
0
605598.5032551609911
0
0
0
0
0
0
0
545568.5391227140790
0
0
0
0
0
0
0
555768.3035598003771
0
0
0
0
0
0
0
529098.0445744293975
0
0
0
0
0
0
0
545934.3280319793848
0
0
0
0
0
0
0
664786.2396333303768
0
0
0
0
0
0
0
500678.4024914549082
0
0
0
0
0
0
0
583594.8266497630393
0
0
0
0
0
0
0
663463.0686297564534
0
0
0
0
0
0
0
591494.0311612058431
0
0
0
0
0
0
0
587126.8744235822232
0
0
0
0
0
0
0
467913.6276993069332
0
0
0
0
0
0
0
671970.1833153644111
0
0
0
0
0
0
0
596548.8823075100081
0
0
0
0
0
0
0
546217.3724094509380
0
0
0
0
0
0
0
623890.8276187115116
0
0
0
0
0
0
0
575685.2985036814352
0
0
0
0
0
0
0
563836.0005673390115
0
0
0
0
0
0
0
554725.7982750820229
0
0
0
0
0
0
0
554205.4242706053192
0
0
0
0
0
0
0
635726.7782111275010
0
0
0
0
0
0
0
481186.7223126071040
0
0
0
0
0
0
0
542471.5575161803281
0
0
0
0
0
0
0
660687.8411831429694
0
0
0
0
0
0
0
573395.1430454242509
0
0
0
0
0
0
0
566005.6941517374944
0
0
0
0
0
0
0
604161.0042296232423
0
0
0
0
0
0
0
566492.0331090227701
0
0
0
0
0
0
0
590287.1332416239893
0
0
0
0
0
0
0
550108.8767661515158
0
0
0
0
0
0
0
531752.5425840958487
0
0
0
0
0
0
0
626547.7716573120560
0
0
0
0
0
0
0
510198.8835263182409
0
0
0
0
0
0
0
647195.3965149971191
0
0
0
0
0
0
0
598985.3407887560315
0
0
0
0
0
0
0
522918.5141442366294
0
0
0
0
0
0
0
620103.4425367503427
0
0
0
0
0
0
0
526167.4189599263482
0
0
0
0
0
0
0
550687.9524261105107
0
0
0
0
0
0
0
548079.4544596793130
0
0
0
0
0
0
0
633838.7235397818731
0
0
0
0
0
0
0
547484.6427111222874
0
0
0
0
0
0
0
558561.7118945103139
0
0
0
0
0
0
0
562908.9356674934970
0
0
0
0
0
0
0
596620.6134067681851
0
0
0
0
0
0
0
534061.6599500952289
0
0
0
0
0
0
0
580536.8916763229063
0
0
0
0
0
0
0
512763.1947635362740
0
0
0
0
0
0
0
607770.4848738060100
0
0
0
0
0
0
0
605421.5944402980385
0
0
0
0
0
0
0
604451.6785205106717
0
0
0
0
0
0
0
551111.1897214071359
0
0
0
0
0
0
0
543728.4038918231381
0
0
0
0
0
0
0
621721.3266880558804
0
0
0
0
0
0
0
534068.6652095637983
0
0
0
0
0
0
0
565920.9986759435851
0
0
0
0
0
0
0
608978.6393916589441
0
0
0
0
0
0
0
556044.2722229671199
0
0
0
0
0
0
0
545620.9438840374351
0
0
0
0
0
0
0
552850.8701671945164
0
0
0
0
0
0
0
608652.1846990993945
0
0
0
0
0
0
0
460417.4961447597016
0
0
0
0
0
0
0
570148.6269376809942
0
0
0
0
0
0
0
601262.9013899418060
0
0
0
0
0
0
0
631367.5114215287613
0
0
0
0
0
0
0
574693.6434910118114
0
0
0
0
0
0
0
521987.8564531183220
0
0
0
0
0
0
0
633165.5360218384303
0
0
0
0
0
0
0
534665.4703456351999
0
0
0
0
0
0
0
559684.5420172238955
0
0
0
0
0
0
0
533326.1784632790368
0
0
0
0
0
0
0
602722.8135584688280
0
0
0
0
0
0
0
623593.4938998618163
0
0
0
0
0
0
0
539568.3215106223943
0
0
0
0
0
0
0
604878.0659354989184
0
0
0
0
0
0
0
568001.9006934801582
0
0
0
0
0
0
0
630682.6484652976505
0
0
0
0
0
0
0
567596.8961656565079
0
0
0
0
0
0
0
630124.4574222881347
0
0
0
0
0
0
0
633481.4069498803001
0
0
0
0
0
0
0
573878.8453832577216
0
0
0
0
0
0
0
628376.9489844931522
0
0
0
0
0
0
0
630650.6862303548260
0
0
0
0
0
0
0
589954.8405198210385
0
0
0
0
0
0
0
592606.6453778953291
0
0
0
0
0
0
0
682218.5316730035702
0
0
0
0
0
0
0
529182.2641115839360
0
0
0
0
0
0
0
669538.8913157613715
0
0
0
0
0
0
0
631062.1838613906875
0
0
0
0
0
0
0
657021.2539338698843
0
0
0
0
0
0
0
587249.7421010024846
0
0
0
0
0
0
0
613081.5144978843164
0
0
0
0
0
0
0
617722.5045447335579
0
0
0
0
0
0
0
621102.8835093383677
0
0
0
0
0
0
0
641500.6066691329470
0
0
0
0
0
0
0
533996.7194509980036
0
0
0
0
0
0
0
726594.8608048825990
0
0
0
0
0
0
0
680093.7686379994266
0
0
0
0
0
0
0
487473.1654450627393
0
0
0
0
0
0
0
567235.4945421541343
0
0
0
0
0
0
0
672141.1113877248717
0
0
0
0
0
0
0
513026.5782248359174
0
0
0
0
0
0
0
560995.7821202630876
0
0
0
0
0
0
0
610353.6364321154542
0
0
0
0
0
0
0
670404.6082718729740
0
0
0
0
0
0
0
574777.2064133200329
0
0
0
0
0
0
0
617015.1922332707327
0
0
0
0
0
0
0
564283.2924147874583
0
0
0
0
0
0
0
570197.6458212508587
0
0
0
0
0
0
0
625641.2270959672751
0
0
0
0
0
0
0
604604.0669375621947
0
0
0
0
0
0
0
465375.1662918812945
0
0
0
0
0
0
0
732459.0440586602781
0
0
0
0
0
0
0
640254.9536639840808
0
0
0
0
0
0
0
581326.3099016868509
0
0
0
0
0
0
0
656109.4887884563068
0
0
0
0
0
0
0
682588.6378117261920
0
0
0
0
0
0
0
671212.6256203523371
0
0
0
0
0
0
0
544042.3022837972967
0
0
0
0
0
0
0
643197.6134279632242
0
0
0
0
0
0
0
579019.4028716253815
