0
0
0
0
0
0
0
2116.0338206097213
0
0
0
0
0
0
0
643.0368025265805
0
0
0
0
0
0
0
910.3581391617196
0
0
0
0
0
0
0
2146.5384527888764
0
0
0
0
0
0
0
12480.4507894184335
0
0
0
0
0
0
0
170551.3814316583739
0
0
0
0
0
0
0
132430.3532301825762
0
0
0
0
0
0
0
143880.1887927762873
0
0
0
0
0
0
0
144808.9680161080905
0
0
0
0
0
0
0
167035.3858130761364
0
0
0
0
0
0
0
153966.1276363608195
0
0
0
0
0
0
0
160031.6881244597898
0
0
0
0
0
0
0
184155.6431795360404
0
0
0
0
0
0
0
146729.1632451190962
0
0
0
0
0
0
0
149806.4935861474078
0
0
0
0
0
0
0
187246.7649632248795
0
0
0
0
0
0
0
154660.3015091084235
0
0
0
0
0
0
0
184222.7132791758340
0
0
0
0
0
0
0
200582.1268620960182
0
0
0
0
0
0
0
163140.5658643539937
0
0
0
0
0
0
0
142951.0125794400228
0
0
0
0
0
0
0
188833.1833884422376
0
0
0
0
0
0
0
148209.5078874540632
0
0
0
0
0
0
0
152045.3194198901765
0
0
0
0
0
0
0
166675.4897643914446
0
0
0
0
0
0
0
180345.7802952617640
0
0
0
0
0
0
0
125658.3311721589998
0
0
0
0
0
0
0
118898.6508495347080
0
0
0
0
0
0
0
120319.7597946543538
0
0
0
0
0
0
0
145388.6643827871303
0
0
0
0
0
0
0
131474.7933692556107
0
0
0
0
0
0
0
139086.0892755881068
0
0
0
0
0
0
0
164784.7933098009671
0
0
0
0
0
0
0
175629.4282110563072
0
0
0
0
0
0
0
207421.2577812498494
0
0
0
0
0
0
0
193911.4475983913580
0
0
0
0
0
0
0
198356.4494332155155
0
0
0
0
0
0
0
189864.2627958682424
0
0
0
0
0
0
0
214133.6917332547600
0
0
0
0
0
0
0
171104.0549867480295
0
0
0
0
0
0
0
181819.7836149545328
0
0
0
0
0
0
0
179362.2508421855164
0
0
0
0
0
0
0
153608.2956870393537
0
0
0
0
0
0
0
175012.5876534250565
0
0
0
0
0
0
0
181303.7623717311362
0
0
0
0
0
0
0
175061.9266422134533
0
0
0
0
0
0
0
134143.3651805309055
0
0
0
0
0
0
0
157441.1562482393638
0
0
0
0
0
0
0
148736.7940533071232
0
0
0
0
0
0
0
182659.2708237768093
0
0
0
0
0
0
0
145051.9913112577924
0
0
0
0
0
0
0
186038.9040378933423
0
0
0
0
0
0
0
162939.2604597620375
0
0
0
0
0
0
0
163858.4497597783338
0
0
0
0
0
0
0
140771.5598520483763
0
0
0
0
0
0
0
151202.0571115896746
0
0
0
0
0
0
0
156467.5781092604448
0
0
0
0
0
0
0
119505.3660770223505
0
0
0
0
0
0
0
133273.5629494492896
0
0
0
0
0
0
0
105258.2199022402783
0
0
0
0
0
0
0
178900.9068751482700
0
0
0
0
0
0
0
194335.4015512259793
0
0
0
0
0
0
0
168259.9496533055208
0
0
0
0
0
0
0
157300.6868220134638
0
0
0
0
0
0
0
239508.4227186036587
0
0
0
0
0
0
0
185444.0598356485425
0
0
0
0
0
0
0
177316.7238612523943
0
0
0
0
0
0
0
180128.0523290451383
0
0
0
0
0
0
0
176099.3276281756698
0
0
0
0
0
0
0
189654.8733384889783
0
0
0
0
0
0
0
160142.9852251704142
0
0
0
0
0
0
0
153483.2300230368564
0
0
0
0
0
0
0
211586.1890729837178
0
0
0
0
0
0
0
204139.1113544426335
0
0
0
0
0
0
0
193858.5855727608432
0
0
0
0
0
0
0
169150.7664802621293
0
0
0
0
0
0
0
187240.2159231164260
0
0
0
0
0
0
0
198792.4405500245339
0
0
0
0
0
0
0
164334.5140812110039
0
0
0
0
0
0
0
218642.7182820678572
0
0
0
0
0
0
0
222249.4999083127477
0
0
0
0
0
0
0
200446.0150274029002
0
0
0
0
0
0
0
196414.0635456028685
0
0
0
0
0
0
0
164412.0617395694135
0
0
0
0
0
0
0
165693.5896025326510
0
0
0
0
0
0
0
199156.0856606535090
0
0
0
0
0
0
0
140307.4246179767651
0
0
0
0
0
0
0
174644.7371753832267
0
0
0
0
0
0
0
204514.0238935689849
0
0
0
0
0
0
0
165924.1686726096668
0
0
0
0
0
0
0
173886.9962841234810
0
0
0
0
0
0
0
191870.6302478302387
0
0
0
0
0
0
0
153943.7019145667728
0
0
0
0
0
0
0
170977.6162362289615
0
0
0
0
0
0
0
238889.1115342775011
0
0
0
0
0
0
0
196852.2523957504600
0
0
0
0
0
0
0
265292.7949932462070
0
0
0
0
0
0
0
219508.9097389102681
0
0
0
0
0
0
0
208897.2574756441172
0
0
0
0
0
0
0
223234.5097821717791
0
0
0
0
0
0
0
176015.5677498338337
0
0
0
0
0
0
0
187358.0828403485357
0
0
0
0
0
0
0
138519.4782716090849
0
0
0
0
0
0
0
143007.8408703174500
0
0
0
0
0
0
0
131800.1674236200342
0
0
0
0
0
0
0
161317.5590732435812
0
0
0
0
0
0
0
213713.2483553124184
0
0
0
0
0
0
0
171550.1677373825514
0
0
0
0
0
0
0
190860.7677228468237
0
0
0
0
0
0
0
175101.0601744535379
0
0
0
0
0
0
0
166691.6171488913824
0
0
0
0
0
0
0
180227.4506456788804
0
0
0
0
0
0
0
226050.3471432720544
0
0
0
0
0
0
0
218448.0486011929752
0
0
0
0
0
0
0
162963.4496566088346
0
0
0
0
0
0
0
196681.7070557934640
0
0
0
0
0
0
0
192361.7188820840965
0
0
0
0
0
0
0
198120.2855236048927
0
0
0
0
0
0
0
163618.7353558640170
0
0
0
0
0
0
0
223537.7896573318576
0
0
0
0
0
0
0
199156.1347814088222
0
0
0
0
0
0
0
185985.5704090166255
0
0
0
0
0
0
0
240140.5392181216448
0
0
0
0
0
0
0
192300.5215737375547
0
0
0
0
0
0
0
234145.3216453313362
0
0
0
0
0
0
0
182005.4068635994045
0
0
0
0
0
0
0
240000.1933823742147
0
0
0
0
0
0
0
168263.2806217522011
0
0
0
0
0
0
0
172747.0944672472251
0
0
0
0
0
0
0
143114.5847256678680
0
0
0
0
0
0
0
169865.5041853443254
0
0
0
0
0
0
0
167671.6060702218092
0
0
0
0
0
0
0
172286.0603931473452
0
0
0
0
0
0
0
146591.9449971957656
0
0
0
0
0
0
0
169233.6523114404117
0
0
0
0
0
0
0
166814.4534713597677
0
0
0
0
0
0
0
173967.2521209610277
0
0
0
0
0
0
0
174839.2649069021281
0
0
0
0
0
0
0
188120.3541665480589
0
0
0
0
0
0
0
201155.2594161088928
0
0
0
0
0
0
0
218387.0671157096222
0
0
0
0
0
0
0
169645.0866920958506
0
0
0
0
0
0
0
212739.4398702768085
0
0
0
0
0
0
0
178979.3802252217720
0
0
0
0
0
0
0
225817.1584625114629
0
0
0
0
0
0
0
190588.4047873226227
0
0
0
0
0
0
0
181941.0746419508941
0
0
0
0
0
0
0
192077.1625650948554
0
0
0
0
0
0
0
179096.4350060920697
0
0
0
0
0
0
0
195095.5033486704051
