35.570655 489.126684 87.684372 5
35.270210 471.732950 84.518349 4
16.116240 513.989644 4.721784 5
27.495797 495.960718 12.985757 5
12.224435 514.677568 4.236747 5
16.616188 510.653596 4.700759 4
5.612409 531.889988 2.077654 5
35.547990 475.741612 85.781051 4
22.024774 509.440534 6.520939 4
35.159183 492.919970 86.417809 5
34.804644 482.145336 85.128526 4
25.559831 491.384614 4.837532 6
34.543232 501.965832 84.134073 4
35.030804 494.520252 85.862632 4
34.715925 485.270492 84.973964 5
34.923486 480.858320 85.259195 5
36.406466 464.138002 86.403834 4
35.123318 480.082232 84.616982 4
35.897656 483.371276 86.836599 4
34.688775 498.493880 85.019923 6
35.200682 500.377334 85.797334 5
35.742951 493.340248 88.077102 4
35.440752 493.439514 86.737251 5
23.416718 501.704472 7.714905 5
16.634058 519.140506 4.682298 4
34.884736 508.151608 85.836191 5
35.289570 478.749156 86.149185 9
34.363046 488.566184 83.595363 5
35.021239 507.250472 85.603368 4
35.493106 491.721342 86.008826 4
