29.345624 79.894402 74.651908 3
30.278489 135.180758 78.494301 4
24.503232 515.920058 10.089418 5
33.196145 365.086420 84.403683 5
32.851412 291.905588 83.330279 5
33.400216 373.406690 84.632166 4
33.332163 358.295140 84.932159 5
25.837094 358.735920 8.965251 5
21.354441 446.506252 7.038957 5
33.180700 326.362206 84.268172 4
33.264753 482.715418 86.535042 5
33.936047 484.272946 86.765086 4
14.737272 515.684572 4.737355 5
26.391850 500.805044 13.112596 5
11.603865 517.127956 4.256918 5
16.158400 517.115370 4.760242 4
5.303403 534.605624 2.088261 5
33.876609 479.886082 86.528341 5
20.531351 508.864972 6.513572 5
33.982195 497.707286 87.257113 5
34.174421 493.069854 87.057380 4
25.139270 508.857246 5.009545 6
34.299075 512.199552 85.849338 4
34.066015 502.646112 87.279414 4
34.150590 494.342886 86.562598 5
34.305866 492.745430 87.366854 5
33.863107 463.454764 86.276642 5
34.403991 495.414316 87.319341 4
33.844047 485.830294 87.278356 5
33.695424 506.015508 86.302764 6
33.287400 501.727188 86.028787 6
32.580808 481.103702 85.912852 4
33.382235 492.212658 86.521593 6
21.567589 500.502974 7.696429 5
15.263007 518.701964 4.678343 5
33.682859 511.148882 86.342486 5
32.966410 476.962126 85.848064 9
34.208686 504.300394 86.287541 5
33.654215 509.855134 86.042929 4
33.485804 492.216260 86.106778 4
