560.000000 0.000000 560.000000
560.000000 0.000000 560.000000
560.000000 0.000000 560.000000
560.000000 0.000000 560.000000
560.000000 70.000000 490.000000
560.000000 70.000000 490.000000
560.000000 210.000000 350.000000
560.000000 210.000000 350.000000
560.000000 140.000000 420.000000
560.000000 210.000000 350.000000
560.000000 140.000000 420.000000
560.000000 210.000000 350.000000
560.000000 210.000000 350.000000
560.000000 280.000000 280.000000
560.000000 210.000000 350.000000
560.000000 280.000000 280.000000
560.000000 280.000000 280.000000
560.000000 70.000000 490.000000
560.000000 280.000000 280.000000
560.000000 210.000000 350.000000
560.000000 420.000000 140.000000
560.000000 210.000000 350.000000
560.000000 210.000000 350.000000
560.000000 420.000000 140.000000
560.000000 140.000000 420.000000
560.000000 350.000000 210.000000
560.000000 280.000000 280.000000
560.000000 280.000000 280.000000
560.000000 350.000000 210.000000
560.000000 280.000000 280.000000
560.000000 350.000000 210.000000
560.000000 280.000000 280.000000
560.000000 350.000000 210.000000
560.000000 350.000000 210.000000
560.000000 280.000000 280.000000
560.000000 420.000000 140.000000
560.000000 140.000000 420.000000
560.000000 420.000000 140.000000
560.000000 350.000000 210.000000
560.000000 280.000000 280.000000
560.000000 350.000000 210.000000
560.000000 350.000000 210.000000
560.000000 420.000000 140.000000
560.000000 420.000000 140.000000
560.000000 490.000000 70.000000
560.000000 420.000000 140.000000
560.000000 490.000000 70.000000
560.000000 420.000000 140.000000
560.000000 490.000000 70.000000
560.000000 490.000000 70.000000
560.000000 420.000000 140.000000
560.000000 280.000000 280.000000
560.000000 280.000000 280.000000
560.000000 350.000000 210.000000
560.000000 490.000000 70.000000
560.000000 420.000000 140.000000
560.000000 420.000000 140.000000
560.000000 420.000000 140.000000
560.000000 560.000000 0.000000
560.000000 420.000000 140.000000
560.000000 490.000000 70.000000
560.000000 420.000000 140.000000
560.000000 280.000000 280.000000
560.000000 280.000000 280.000000
560.000000 350.000000 210.000000
560.000000 350.000000 210.000000
560.000000 420.000000 140.000000
560.000000 420.000000 140.000000
560.000000 420.000000 140.000000
560.000000 490.000000 70.000000
560.000000 490.000000 70.000000
560.000000 420.000000 140.000000
560.000000 490.000000 70.000000
560.000000 350.000000 210.000000
560.000000 490.000000 70.000000
560.000000 420.000000 140.000000
560.000000 420.000000 140.000000
560.000000 490.000000 70.000000
560.000000 490.000000 70.000000
560.000000 490.000000 70.000000
560.000000 560.000000 0.000000
560.000000 490.000000 70.000000
560.000000 490.000000 70.000000
560.000000 420.000000 140.000000
560.000000 490.000000 70.000000
560.000000 490.000000 70.000000
560.000000 560.000000 0.000000
560.000000 420.000000 140.000000
560.000000 560.000000 0.000000
560.000000 490.000000 70.000000
560.000000 420.000000 140.000000
560.000000 560.000000 0.000000
560.000000 420.000000 140.000000
560.000000 560.000000 0.000000
560.000000 490.000000 70.000000
560.000000 420.000000 140.000000
560.000000 560.000000 0.000000
560.000000 490.000000 70.000000
560.000000 490.000000 70.000000
560.000000 490.000000 70.000000
560.000000 560.000000 0.000000
560.000000 420.000000 140.000000
560.000000 490.000000 70.000000
560.000000 490.000000 70.000000
560.000000 490.000000 70.000000
560.000000 420.000000 140.000000
560.000000 560.000000 0.000000
560.000000 420.000000 140.000000
560.000000 420.000000 140.000000
560.000000 560.000000 0.000000
560.000000 490.000000 70.000000
560.000000 420.000000 140.000000
560.000000 420.000000 140.000000
560.000000 420.000000 140.000000
560.000000 560.000000 0.000000
560.000000 490.000000 70.000000
560.000000 490.000000 70.000000
560.000000 420.000000 140.000000
560.000000 420.000000 140.000000
560.000000 420.000000 140.000000
560.000000 420.000000 140.000000
560.000000 490.000000 70.000000
560.000000 420.000000 140.000000
560.000000 490.000000 70.000000
560.000000 490.000000 70.000000
560.000000 420.000000 140.000000
560.000000 490.000000 70.000000
560.000000 350.000000 210.000000
560.000000 490.000000 70.000000
560.000000 420.000000 140.000000
560.000000 490.000000 70.000000
560.000000 420.000000 140.000000
560.000000 490.000000 70.000000
560.000000 420.000000 140.000000
560.000000 420.000000 140.000000
560.000000 420.000000 140.000000
560.000000 420.000000 140.000000
560.000000 420.000000 140.000000
560.000000 420.000000 140.000000
560.000000 490.000000 70.000000
560.000000 420.000000 140.000000
560.000000 490.000000 70.000000
560.000000 490.000000 70.000000
560.000000 490.000000 70.000000
560.000000 490.000000 70.000000
560.000000 350.000000 210.000000
560.000000 490.000000 70.000000
560.000000 420.000000 140.000000
560.000000 490.000000 70.000000
560.000000 420.000000 140.000000
