597.976000 0.000000 597.976000
569.856000 0.000000 569.856000
561.200000 0.000000 561.200000
560.296000 0.000000 560.296000
570.584000 7.600000 562.984000
576.704000 182.880000 393.824000
576.728000 186.912000 389.816000
572.944000 184.984000 387.960000
574.392000 183.328000 391.064000
563.024000 178.600000 384.424000
568.968000 181.616000 387.352000
564.040000 175.528000 388.512000
570.624000 279.920000 290.704000
572.568000 281.488000 291.080000
570.264000 179.824000 390.440000
565.096000 277.456000 287.640000
568.304000 280.184000 288.120000
565.568000 52.776000 512.792000
572.200000 283.648000 288.552000
562.192000 174.624000 387.568000
557.352000 557.352000 0.000000
556.400000 103.320000 453.080000
561.352000 275.824000 285.528000
572.592000 415.744000 156.848000
571.944000 109.016000 462.928000
557.168000 403.600000 153.568000
570.120000 181.416000 388.704000
562.392000 278.400000 283.992000
568.408000 282.336000 286.072000
561.256000 275.736000 285.520000
561.016000 276.632000 284.384000
565.544000 279.240000 286.304000
565.400000 409.256000 156.144000
559.272000 275.464000 283.808000
569.008000 280.864000 288.144000
563.240000 407.760000 155.480000
574.280000 110.136000 464.144000
568.288000 409.872000 158.416000
568.112000 412.736000 155.376000
570.312000 282.216000 288.096000
580.024000 291.680000 288.344000
587.456000 429.936000 157.520000
579.424000 422.384000 157.040000
577.056000 419.896000 157.160000
580.256000 422.576000 157.680000
582.864000 582.864000 0.000000
590.088000 295.504000 294.584000
585.432000 585.432000 0.000000
615.344000 367.872000 247.472000
578.712000 578.712000 0.000000
568.408000 280.912000 287.496000
581.304000 289.968000 291.336000
565.664000 277.192000 288.472000
578.792000 284.072000 294.720000
573.552000 573.552000 0.000000
579.448000 421.752000 157.696000
580.944000 421.616000 159.328000
579.024000 421.000000 158.024000
582.016000 582.016000 0.000000
580.736000 422.272000 158.464000
577.304000 418.528000 158.776000
580.776000 421.384000 159.392000
570.056000 280.088000 289.968000
579.304000 288.968000 290.336000
562.016000 276.544000 285.472000
567.192000 408.520000 158.672000
546.872000 388.752000 158.120000
542.240000 383.464000 158.776000
538.520000 538.520000 0.000000
523.176000 365.184000 157.992000
530.584000 530.584000 0.000000
500.096000 500.096000 0.000000
508.400000 508.400000 0.000000
523.624000 240.104000 283.520000
536.736000 536.736000 0.000000
522.088000 364.856000 157.232000
526.808000 526.808000 0.000000
530.848000 373.880000 156.968000
530.368000 530.368000 0.000000
512.416000 512.416000 0.000000
517.736000 517.736000 0.000000
528.752000 528.752000 0.000000
540.376000 540.376000 0.000000
531.720000 372.632000 159.088000
513.336000 513.336000 0.000000
545.800000 545.800000 0.000000
546.336000 546.336000 0.000000
530.544000 373.944000 156.600000
527.624000 527.624000 0.000000
527.816000 527.816000 0.000000
539.536000 381.888000 157.648000
531.432000 531.432000 0.000000
530.824000 530.824000 0.000000
537.080000 537.080000 0.000000
533.232000 374.800000 158.432000
535.352000 535.352000 0.000000
606.920000 478.664000 128.256000
528.096000 528.096000 0.000000
538.008000 538.008000 0.000000
534.432000 534.432000 0.000000
532.472000 376.856000 155.616000
542.848000 542.848000 0.000000
556.184000 556.184000 0.000000
542.912000 386.480000 156.432000
557.272000 557.272000 0.000000
567.928000 409.640000 158.288000
554.976000 554.976000 0.000000
566.488000 277.656000 288.832000
579.064000 579.064000 0.000000
561.320000 403.704000 157.616000
558.752000 558.752000 0.000000
576.408000 417.712000 158.696000
566.080000 407.448000 158.632000
553.152000 553.152000 0.000000
553.896000 396.456000 157.440000
549.688000 549.688000 0.000000
557.656000 557.656000 0.000000
550.368000 394.528000 155.840000
560.240000 403.856000 156.384000
555.960000 400.592000 155.368000
559.160000 404.648000 154.512000
550.384000 550.384000 0.000000
559.264000 404.704000 154.560000
540.392000 387.320000 153.072000
553.064000 553.064000 0.000000
555.816000 402.344000 153.472000
548.568000 548.568000 0.000000
553.064000 274.616000 278.448000
554.824000 554.824000 0.000000
555.848000 402.872000 152.976000
551.024000 551.024000 0.000000
548.816000 394.608000 154.208000
550.496000 398.776000 151.720000
555.400000 401.840000 153.560000
552.008000 552.008000 0.000000
549.512000 395.136000 154.376000
544.672000 391.600000 153.072000
543.128000 390.144000 152.984000
540.440000 387.520000 152.920000
538.296000 538.296000 0.000000
549.000000 394.504000 154.496000
541.992000 541.992000 0.000000
553.448000 553.448000 0.000000
550.488000 397.152000 153.336000
540.680000 418.288000 122.392000
549.872000 396.016000 153.856000
551.488000 551.488000 0.000000
555.992000 403.184000 152.808000
549.304000 393.264000 156.040000
552.384000 552.384000 0.000000
