556.734000 0.000000 556.734000
556.734000 0.000000 556.734000
556.734000 0.000000 556.734000
556.734000 0.000000 556.734000
556.734000 8.155000 548.579000
556.734000 174.214000 382.520000
556.734000 174.214000 382.520000
556.734000 272.788000 283.946000
556.734000 102.844000 453.890000
556.734000 174.214000 382.520000
556.734000 174.214000 382.520000
556.734000 174.214000 382.520000
556.734000 272.788000 283.946000
556.734000 272.788000 283.946000
556.734000 174.214000 382.520000
556.734000 272.788000 283.946000
556.734000 272.788000 283.946000
556.734000 52.360000 504.374000
556.734000 400.830000 155.904000
556.734000 102.844000 453.890000
556.734000 400.830000 155.904000
556.734000 174.214000 382.520000
556.734000 174.214000 382.520000
556.734000 400.830000 155.904000
556.734000 174.214000 382.520000
556.734000 400.830000 155.904000
556.734000 174.214000 382.520000
556.734000 272.788000 283.946000
556.734000 272.788000 283.946000
556.734000 272.788000 283.946000
556.734000 272.788000 283.946000
556.734000 272.788000 283.946000
556.734000 400.830000 155.904000
556.734000 272.788000 283.946000
556.734000 272.788000 283.946000
556.734000 400.830000 155.904000
556.734000 174.214000 382.520000
556.734000 400.830000 155.904000
556.734000 400.830000 155.904000
556.734000 272.788000 283.946000
556.734000 272.788000 283.946000
556.734000 400.830000 155.904000
556.734000 400.830000 155.904000
556.734000 400.830000 155.904000
556.734000 556.734000 0.000000
556.734000 400.830000 155.904000
556.734000 556.734000 0.000000
556.734000 400.830000 155.904000
556.734000 400.830000 155.904000
556.734000 556.734000 0.000000
556.734000 400.830000 155.904000
556.734000 272.788000 283.946000
556.734000 272.788000 283.946000
556.734000 400.830000 155.904000
556.734000 400.830000 155.904000
556.734000 556.734000 0.000000
556.734000 400.830000 155.904000
556.734000 400.830000 155.904000
556.734000 556.734000 0.000000
556.734000 400.830000 155.904000
556.734000 400.830000 155.904000
556.734000 556.734000 0.000000
556.734000 174.214000 382.520000
556.734000 272.788000 283.946000
556.734000 400.830000 155.904000
556.734000 272.788000 283.946000
556.734000 556.734000 0.000000
556.734000 272.788000 283.946000
556.734000 556.734000 0.000000
556.734000 400.830000 155.904000
556.734000 556.734000 0.000000
556.734000 400.830000 155.904000
556.734000 400.830000 155.904000
556.734000 400.830000 155.904000
556.734000 556.734000 0.000000
556.734000 400.830000 155.904000
556.734000 400.830000 155.904000
556.734000 556.734000 0.000000
556.734000 400.830000 155.904000
556.734000 556.734000 0.000000
556.734000 556.734000 0.000000
556.734000 400.830000 155.904000
556.734000 556.734000 0.000000
556.734000 400.830000 155.904000
556.734000 556.734000 0.000000
556.734000 400.830000 155.904000
556.734000 556.734000 0.000000
556.734000 400.830000 155.904000
556.734000 556.734000 0.000000
556.734000 556.734000 0.000000
556.734000 400.830000 155.904000
556.734000 556.734000 0.000000
556.734000 400.830000 155.904000
556.734000 556.734000 0.000000
556.734000 556.734000 0.000000
556.734000 400.830000 155.904000
556.734000 556.734000 0.000000
556.734000 400.830000 155.904000
556.734000 556.734000 0.000000
556.734000 556.734000 0.000000
556.734000 400.830000 155.904000
556.734000 556.734000 0.000000
556.734000 400.830000 155.904000
556.734000 556.734000 0.000000
556.734000 556.734000 0.000000
556.734000 400.830000 155.904000
556.734000 400.830000 155.904000
556.734000 556.734000 0.000000
556.734000 400.830000 155.904000
556.734000 556.734000 0.000000
556.734000 400.830000 155.904000
556.734000 400.830000 155.904000
556.734000 556.734000 0.000000
556.734000 400.830000 155.904000
556.734000 556.734000 0.000000
556.734000 400.830000 155.904000
556.734000 556.734000 0.000000
556.734000 400.830000 155.904000
556.734000 400.830000 155.904000
556.734000 400.830000 155.904000
556.734000 556.734000 0.000000
556.734000 400.830000 155.904000
556.734000 400.830000 155.904000
556.734000 556.734000 0.000000
556.734000 400.830000 155.904000
556.734000 400.830000 155.904000
556.734000 556.734000 0.000000
556.734000 400.830000 155.904000
556.734000 400.830000 155.904000
556.734000 556.734000 0.000000
556.734000 400.830000 155.904000
556.734000 400.830000 155.904000
556.734000 556.734000 0.000000
556.734000 400.830000 155.904000
556.734000 400.830000 155.904000
556.734000 400.830000 155.904000
556.734000 400.830000 155.904000
556.734000 400.830000 155.904000
556.734000 400.830000 155.904000
556.734000 556.734000 0.000000
556.734000 400.830000 155.904000
556.734000 556.734000 0.000000
556.734000 400.830000 155.904000
556.734000 556.734000 0.000000
556.734000 400.830000 155.904000
556.734000 400.830000 155.904000
556.734000 556.734000 0.000000
556.734000 400.830000 155.904000
556.734000 400.830000 155.904000
556.734000 400.830000 155.904000
