0.000000 0.060000
0.060000 0.100000
0.100000 0.140000
0.140000 0.180000
0.180000 0.216364
0.216364 0.245800
0.245800 0.300000
0.300000 0.330980
0.330980 0.380000
0.380000 0.407505
0.407505 0.460000
0.460000 0.486129
0.486129 0.526674
0.526674 0.562171
0.562171 0.612206
0.612206 0.644450
0.644450 0.700000
0.700000 0.722372
0.722372 0.762217
0.762217 0.806187
0.806187 0.844258
0.844258 0.891922
0.891922 0.921347
0.921347 0.966084
0.966084 1.009099
1.009099 1.040930
1.040930 1.100000
1.100000 1.123754
1.123754 1.176598
1.176598 1.203509
1.203509 1.250395
1.250395 1.288297
1.288297 1.323073
1.323073 1.378127
1.378127 1.403125
1.403125 1.442103
1.442103 1.482640
1.482640 1.524500
1.524500 1.565288
1.565288 1.603221
1.603221 1.644738
1.644738 1.681398
1.681398 1.722147
1.722147 1.761761
1.761761 1.805353
1.805353 1.840673
1.840673 1.883658
1.883658 1.921649
1.921649 1.966587
1.966587 2.004772
2.004772 2.048827
2.048827 2.083469
2.083469 2.127702
2.127702 2.163859
2.163859 2.206671
2.206671 2.243692
2.243692 2.280946
2.280946 2.320653
2.320653 2.362126
2.362126 2.400984
2.400984 2.443145
2.443145 2.485908
2.485908 2.522710
2.522710 2.564719
2.564719 2.605587
2.605587 2.644944
2.644944 2.684020
2.684020 2.727952
2.727952 2.761080
2.761080 2.803628
2.803628 2.851605
2.851605 2.882776
2.882776 2.924904
2.924904 2.962725
2.962725 3.005749
3.005749 3.044860
3.044860 3.080682
3.080682 3.128610
3.128610 3.163303
3.163303 3.206630
3.206630 3.244467
3.244467 3.283440
3.283440 3.322491
3.322491 3.363591
3.363591 3.400160
3.400160 3.442566
3.442566 3.481817
3.481817 3.522041
3.522041 3.572706
3.572706 3.608636
3.608636 3.640750
3.640750 3.681462
3.681462 3.723896
3.723896 3.762532
3.762532 3.806017
3.806017 3.845364
3.845364 3.888128
3.888128 3.924995
3.924995 3.961609
3.961609 4.000158
4.000158 4.044256
4.044256 4.082088
4.082088 4.120900
4.120900 4.162677
4.162677 4.202068
4.202068 4.240472
4.240472 4.284380
4.284380 4.322672
4.322672 4.362648
4.362648 4.412609
4.412609 4.449586
4.449586 4.482729
4.482729 4.522452
4.522452 4.560662
4.560662 4.604599
4.604599 4.642433
4.642433 4.683185
4.683185 4.721549
4.721549 4.766912
4.766912 4.805665
4.805665 4.845994
4.845994 4.885525
4.885525 4.923655
4.923655 4.963338
4.963338 5.003195
5.003195 5.042572
5.042572 5.083599
5.083599 5.125735
5.125735 5.162717
5.162717 5.200459
5.200459 5.246717
5.246717 5.287294
5.287294 5.323599
5.323599 5.363149
5.363149 5.406733
5.406733 5.447722
5.447722 5.485961
5.485961 5.523930
5.523930 5.562761
5.562761 5.612430
5.612430 5.642447
5.642447 5.683436
5.683436 5.723110
5.723110 5.761923
5.761923 5.807784
5.807784 5.843587
5.843587 5.885444
5.885444 5.920132
5.920132 5.962696
5.962696 6.008711
