0.000000 0.060000
0.060000 0.100000
0.100000 0.140000
0.140000 0.180000
0.180000 0.207173
0.207173 0.251151
0.251151 0.297840
0.297840 0.324425
0.324425 0.366509
0.366509 0.402287
0.402287 0.460000
0.460000 0.481437
0.481437 0.539361
0.539361 0.566304
0.566304 0.612640
0.612640 0.645061
0.645061 0.700000
0.700000 0.721101
0.721101 0.760415
0.760415 0.801935
0.801935 0.852476
0.852476 0.890392
0.890392 0.924284
0.924284 0.970655
0.970655 1.010306
1.010306 1.047643
1.047643 1.100000
1.100000 1.123597
1.123597 1.180000
1.180000 1.206342
1.206342 1.247059
1.247059 1.285615
1.285615 1.325446
1.325446 1.380000
1.380000 1.404307
1.404307 1.442243
1.442243 1.481653
1.481653 1.521221
1.521221 1.574214
1.574214 1.606444
1.606444 1.642923
1.642923 1.690548
1.690548 1.726277
1.726277 1.766013
1.766013 1.802099
1.802099 1.853102
1.853102 1.882326
1.882326 1.928830
1.928830 1.966581
1.966581 2.015700
2.015700 2.060000
2.060000 2.092190
2.092190 2.134015
2.134015 2.163616
2.163616 2.210150
2.210150 2.245858
2.245858 2.286291
2.286291 2.323971
2.323971 2.375073
2.375073 2.414705
2.414705 2.451868
2.451868 2.490570
2.490570 2.526638
2.526638 2.572192
2.572192 2.603870
2.603870 2.648813
2.648813 2.684140
2.684140 2.727052
2.727052 2.767048
2.767048 2.800343
2.800343 2.851942
2.851942 2.892683
2.892683 2.935302
2.935302 2.962716
2.962716 3.006945
3.006945 3.043023
3.043023 3.094668
3.094668 3.128584
3.128584 3.164389
3.164389 3.206716
3.206716 3.243520
3.243520 3.292595
3.292595 3.328635
3.328635 3.366635
3.366635 3.404610
3.404610 3.447452
3.447452 3.494751
3.494751 3.526566
3.526566 3.572722
3.572722 3.615830
3.615830 3.642403
3.642403 3.680795
3.680795 3.732621
3.732621 3.772743
3.772743 3.805486
3.805486 3.847505
3.847505 3.887538
3.887538 3.927249
3.927249 3.971776
3.971776 4.016573
4.016573 4.040279
4.040279 4.087977
4.087977 4.137714
4.137714 4.162713
4.162713 4.215957
4.215957 4.246786
4.246786 4.294694
4.294694 4.321563
4.321563 4.367024
4.367024 4.400509
4.400509 4.452650
4.452650 4.482739
4.482739 4.521805
4.521805 4.572738
4.572738 4.601782
4.601782 4.644687
4.644687 4.698044
4.698044 4.732658
4.732658 4.770821
4.770821 4.805690
4.805690 4.846011
4.846011 4.893314
4.893314 4.932649
4.932649 4.960215
4.960215 5.008553
5.008553 5.043123
5.043123 5.094615
5.094615 5.121453
5.121453 5.167284
5.167284 5.203577
5.203577 5.253613
5.253613 5.289170
5.289170 5.321979
5.321979 5.360058
5.360058 5.412636
5.412636 5.452654
5.452654 5.485998
5.485998 5.523948
5.523948 5.561143
5.561143 5.614464
5.614464 5.642636
5.642636 5.693604
5.693604 5.733726
5.733726 5.764173
5.764173 5.806657
5.806657 5.843587
5.843587 5.892724
5.892724 5.923742
5.923742 5.962630
5.962630 6.010952
