0.000000 0.060000
0.060000 0.100000
0.100000 0.140000
0.140000 0.180000
0.180000 0.207653
0.207653 0.250577
0.250577 0.283529
0.283529 0.335151
0.335151 0.380000
0.380000 0.402366
0.402366 0.460000
0.460000 0.481329
0.481329 0.538874
0.538874 0.564805
0.564805 0.610729
0.610729 0.641952
0.641952 0.700000
0.700000 0.721079
0.721079 0.773148
0.773148 0.805741
0.805741 0.841988
0.841988 0.900000
0.900000 0.921389
0.921389 0.964184
0.964184 1.010569
1.010569 1.047680
1.047680 1.100000
1.100000 1.123101
1.123101 1.180000
1.180000 1.206095
1.206095 1.242940
1.242940 1.283694
1.283694 1.322518
1.322518 1.380000
1.380000 1.403731
1.403731 1.440889
1.440889 1.487770
1.487770 1.524682
1.524682 1.578538
1.578538 1.608030
1.608030 1.642916
1.642916 1.684728
1.684728 1.722126
1.722126 1.760113
1.760113 1.811616
1.811616 1.843081
1.843081 1.889758
1.889758 1.925234
1.925234 1.966573
1.966573 2.015632
2.015632 2.051836
2.051836 2.087058
2.087058 2.127716
2.127716 2.169866
2.169866 2.206666
2.206666 2.249114
2.249114 2.292243
2.292243 2.323960
2.323960 2.368103
2.368103 2.410268
2.410268 2.440331
2.440331 2.498626
2.498626 2.522708
2.522708 2.563349
2.563349 2.612614
2.612614 2.641961
2.641961 2.696677
2.696677 2.725953
2.725953 2.767554
2.767554 2.803832
2.803832 2.854669
2.854669 2.892626
2.892626 2.921329
2.921329 2.962732
2.962732 3.010809
3.010809 3.053645
3.053645 3.084157
3.084157 3.132694
3.132694 3.164924
3.164924 3.209659
3.209659 3.257231
3.257231 3.282797
3.282797 3.327567
3.327567 3.366642
3.366642 3.408598
3.408598 3.446660
3.446660 3.483097
3.483097 3.521594
3.521594 3.570561
3.570561 3.615802
3.615802 3.644040
3.644040 3.691628
3.691628 3.723932
3.723932 3.763971
3.763971 3.812622
3.812622 3.847459
3.847459 3.892673
3.892673 3.922144
3.922144 3.964960
3.964960 4.012745
4.012745 4.040174
4.040174 4.088886
4.088886 4.120075
4.120075 4.164748
4.164748 4.216698
4.216698 4.248330
4.248330 4.280451
4.280451 4.327493
4.327493 4.364072
4.364072 4.412698
4.412698 4.441692
4.441692 4.482550
4.482550 4.527019
4.527019 4.561446
4.561446 4.610324
4.610324 4.640420
4.640420 4.686195
4.686195 4.723555
4.723555 4.767304
4.767304 4.805659
4.805659 4.856656
4.856656 4.888080
4.888080 4.923669
4.923669 4.969469
4.969469 5.002859
5.002859 5.040614
5.040614 5.093008
5.093008 5.132706
5.132706 5.162814
5.162814 5.211391
5.211391 5.249428
5.249428 5.287658
5.287658 5.338671
5.338671 5.369463
5.369463 5.406788
5.406788 5.450772
5.450772 5.485974
5.485974 5.523930
5.523930 5.561226
5.561226 5.616636
5.616636 5.645170
5.645170 5.693739
5.693739 5.723771
5.723771 5.771427
5.771427 5.806691
5.806691 5.843613
5.843613 5.893871
5.893871 5.933660
5.933660 5.962689
5.962689 6.008687
