32.139435 453.206097 81.244989 6
32.876665 428.030435 76.688359 43
14.426451 501.431285 4.606417 25
24.948204 456.305366 11.947459 44
10.622146 500.821634 4.122687 36
14.866744 492.445663 4.533148 34
4.342128 523.971963 2.046724 29
32.801437 428.744185 77.306937 45
19.836809 487.981584 6.246260 28
32.690655 452.318812 79.299690 26
32.518894 449.243351 79.319287 24
23.964548 475.400965 4.680178 24
32.637500 464.315614 77.823551 25
32.575690 451.948735 78.476327 33
32.921262 449.316307 78.678157 30
32.599129 445.216054 78.939598 31
32.914907 423.586859 78.854841 27
32.636843 446.935244 78.774653 23
32.705334 440.977937 79.220728 31
32.598218 473.150988 80.697602 19
32.765353 455.004978 78.017551 44
32.896154 457.657512 81.725960 25
32.872579 460.051586 80.868290 25
20.515094 470.552770 7.235873 38
14.105160 490.488592 4.423877 38
32.672827 473.101571 79.915592 31
32.856178 441.378859 79.438203 43
32.685334 455.507399 77.938890 38
32.585313 465.532586 78.563076 34
32.750343 450.270592 78.768933 35
